ID	y0	y1	y2
HG01377	0.0941076375941352	0.396032105973031	0.789233838438043
HG01377	0.0915742262155446	0.516671946394385	0.777824827630126
HG01377	0.136979772729725	0.451091687723235	0.893270123876753
HG01377	0.119374209246337	0.595412248925952	0.742756216817583
HG01377	0.17486751870362	0.335533813764905	0.884776980350256
HG01377	0.0981222783733071	0.447280134025439	0.703789112012403
HG01377	0.0886903841586748	0.407204017917035	0.888259568533865
HG01377	0.0861005657012676	0.581467957070907	0.82274498238984
HG01377	0.108234878979786	0.488545344972912	0.787966678278154
HG01377	0.135214899061319	0.457644387734109	0.878543958381759
NA19923	0.196271788530076	0.101107212396477	0.281222152664763
NA19923	0.0915393716426661	0.325335257926445	0.0488630424983207
NA19923	0.185947973302657	0.154096380894494	0.209461456745054
NA19923	0.108032464000508	0.253231651661812	0.0512893148388404
NA19923	0.129273332417286	0.0933067059466958	0.208885267386428
NA19923	0.192651392752796	0.163153956974586	0.104338179463532
NA19923	0.0715901677112189	0.179967549356613	0.286720128851028
NA19923	0.0795464164980333	0.210963708799661	0.21304355735682
NA19923	0.254422027467891	0.167076794921926	0.11520043343682
NA19923	0.229338976169133	0.178457105302831	0.174697223972764
NA20581	0.0636966697866981	0.623758145798327	0.806421920128074
NA20581	0.159271400167468	0.552037818650987	0.637717012743817
NA20581	0.117386691331668	0.498207465919799	0.795071034620239
NA20581	0.187879042863166	0.405206555261224	0.769159095579523
NA20581	0.170138901345379	0.729499806096402	0.712576102291931
NA20581	0.101628877201305	0.613966204068738	0.615792500926177
NA20581	0.293673866998482	0.56978044214997	0.839819464501468
NA20581	0.113276541932788	0.624727586727498	0.764590681797387
NA20581	0.10506219423204	0.420206166926177	0.763778164756635
NA20581	0.137056424376618	0.611766500327469	0.843194546169902
NA20506	0.0927744814836428	0.474710507624624	0.947702903651573
NA20506	0.0820205921508874	0.543846448795027	0.839964262613559
NA20506	0.124988394712614	0.535187261022171	0.907573081513575
NA20506	0.106628959155679	0.392552788140437	0.75004852366095
NA20506	0.0493154897709697	0.491249961826346	0.865426199695027
NA20506	0.111471182907411	0.55103140965451	0.904488644589285
NA20506	0.0754897236110292	0.529770016079839	0.856962573039012
NA20506	0.187911192639545	0.509611628091499	0.943256492322965
NA20506	0.0537742446939877	0.31116137421934	0.801786091799672
NA20506	0.086742806296714	0.553964489313408	0.928028846141502
NA18502	0.0905103552571603	0.539042360939683	0.785191260446391
NA18502	0.0788273538854178	0.74795706754498	0.728437230665453
NA18502	0.167812016124574	0.63189214904272	0.819794467731394
NA18502	0.0823813138342703	0.527222355962627	0.738163039206169
NA18502	0.0497030466616427	0.566810415798769	0.918666296375852
NA18502	0.0522295703752661	0.593693789695953	0.627191806720863
NA18502	0.0743416189944042	0.745586127168425	0.718488580031025
NA18502	0.159316521807746	0.50900654164568	0.826221292747206
NA18502	0.0795134602871184	0.400358942795152	0.763697560820017
NA18502	0.262031837709451	0.603125758263578	0.784539778132271
HG00280	0.150412038645019	0.330743324200642	0.875216625751621
HG00280	0.131891344133113	0.372086888750139	0.927574062959215
HG00280	0.0491668929486118	0.18499774508636	0.932987560547417
HG00280	0.0470424674831856	0.630103253999167	0.924902599815181
HG00280	0.0985473977055469	0.493453565065024	0.93959566903951
HG00280	0.101696060194168	0.460974811686549	0.917090757882871
HG00280	0.135977807488588	0.366335019632607	0.760667673844812
HG00280	0.104047294127085	0.400932768286798	0.938614578760363
HG00280	0.0749733489251241	0.337149784647603	0.916646938536945
HG00280	0.16436555796703	0.487200277565234	0.820642514863259
NA19222	0.171847226668937	0.114656969898726	0.154061320967217
NA19222	0.0667605698312887	0.203933942354878	0.0787251100456337
NA19222	0.129594977961933	0.20837976646756	0.203750912725246
NA19222	0.149979126704831	0.162641419172354	0.214799098370207
NA19222	0.0834361221791132	0.119930357439747	0.266786287103212
NA19222	0.121642073107135	0.120164335985271	0.16973042697405
NA19222	0.052264650524996	0.0280773353804609	0.221306578575758
NA19222	0.0773730338872612	0.267828220715069	0.23517766111551
NA19222	0.11216095051159	0.103607106821007	0.131586218627635
NA19222	0.144195575604936	0.0484584707669897	0.118849291250516
NA18612	0.0981719921945778	0.397634795773965	0.862364124945024
NA18612	0.104229980505467	0.570420124376658	0.919664387335162
NA18612	0.0707760465245559	0.602540295885216	0.851351384714432
NA18612	0.135468999805562	0.620330283109888	0.787826364830568
NA18612	0.0834912817276506	0.669434143726293	0.748772414053569
NA18612	0.0988909703443844	0.591614190337293	0.967619263156595
NA18612	0.0704694564958902	0.539835027227448	0.872469074088192
NA18612	0.111499838862411	0.735438943440176	0.95115345280884
NA18612	0.0422495115584068	0.754269587549736	0.931887742385475
NA18612	0.237402036226697	0.809782468856433	0.886272661651669
NA18538	0.0749291329873276	0.291875307486808	0.917575167695889
NA18538	0.0485818955179371	0.480778451071573	0.847513860264964
NA18538	0.267711155753274	0.350716862742641	0.871132658204767
NA18538	0.0486852283828553	0.656122425944391	0.924759292078525
NA18538	0.164272933000972	0.547837812151697	0.886358872461302
NA18538	0.084046002174402	0.461149940357654	0.888562298302356
NA18538	0.105220546099297	0.346922416823057	0.928628372520935
NA18538	0.110987793531845	0.40146725398625	0.967797185216536
NA18538	0.10322286877969	0.539439895005402	0.86093180627479
NA18538	0.115891359469908	0.310652300511039	0.98308593650623
NA11830	0.0735868482236306	0.604713594139812	0.892621640570025
NA11830	0.109155201828898	0.472408832714256	0.803816741614183
NA11830	0.122030184047644	0.709921109880707	0.878822767249012
NA11830	0.058966045945128	0.716876137114896	0.89359874826719
NA11830	0.223046966728923	0.65323417736	0.869891852898662
NA11830	0.0508964028898295	0.624524437858004	0.874242241545423
NA11830	0.069503915328666	0.549258092457824	0.917324370384112
NA11830	0.132833013111696	0.692481604855757	0.906231092794106
NA11830	0.0503655205861894	0.528894685998336	0.92083787113253
NA11830	0.125471185946432	0.486413781115637	0.912289125283026
HG00332	0.157323708904703	0.479627015932787	0.742776722082387
HG00332	0.211952563435483	0.686014834387157	0.848041226147687
HG00332	0.183878373980711	0.372472144023358	0.889596451872336
HG00332	0.101873579170211	0.439708080418245	0.764124726289589
HG00332	0.256789502318931	0.492427131205144	0.876452166310414
HG00332	0.218546840843594	0.526008583480088	0.806288088306982
HG00332	0.0915273973769904	0.287386722544079	0.671964277312361
HG00332	0.0740190776499692	0.47149555505412	0.797486309383472
HG00332	0.0568490199729415	0.381477797921249	0.760641461394212
HG00332	0.04987338096108	0.424325246625745	0.620172390346379
HG01168	0.0638140846126167	0.40818836769888	0.879928382854895
HG01168	0.0795584560465114	0.354009210744214	0.894586730390675
HG01168	0.051778200692426	0.365784546665328	0.954695814379756
HG01168	0.060490679886144	0.540087424137285	0.859499901166755
HG01168	0.0678779316543269	0.426392125917345	0.60577032220683
HG01168	0.230049947928583	0.449384691015398	0.96204069659181
HG01168	0.0656069093241677	0.364198092264539	0.81300253662044
HG01168	0.148750235052952	0.298035672114384	0.738825880115493
HG01168	0.168972034261273	0.572559533267968	0.798603351454294
HG01168	0.062911416750331	0.446535979416724	0.912602544933588
HG00654	0.0515048801994001	0.248531316551385	0.746717865687769
HG00654	0.079407043755621	0.247374256028675	0.845843582582181
HG00654	0.0914360973413029	0.340993139138376	0.896412336349656
HG00654	0.0839792274711939	0.490641046469944	0.90526385207658
HG00654	0.132115842864336	0.351826556913114	0.821933908504472
HG00654	0.190170358675639	0.476038550474376	0.760687616533727
HG00654	0.0454345301075276	0.36413175368189	0.85569161016064
HG00654	0.0870309349737868	0.388797612149175	0.908698735215474
HG00654	0.119503601434833	0.24353577972801	0.887834088105807
HG00654	0.196935815499726	0.386929856016139	0.897796579598964
NA18749	0.128768718748779	0.485909562542809	0.943000740009575
NA18749	0.0441479393151642	0.760581064109734	0.846598681735436
NA18749	0.154861130649564	0.581818008598525	0.848196843214208
NA18749	0.0955751907668408	0.566325026081224	0.887669241525125
NA18749	0.0776129839037091	0.442176797147168	0.985202114655809
NA18749	0.0797058235659328	0.633484098599019	0.790236015765136
NA18749	0.115871667593393	0.538674039145099	0.892092370546565
NA18749	0.172319854660424	0.764217718016839	0.94742126927087
NA18749	0.179107801944602	0.562255278092366	0.860143977056777
NA18749	0.138013575443373	0.566915687054137	0.815491375336889
NA19331	0.184004345878318	0.564722464712537	0.891783061299817
NA19331	0.0519297017926005	0.397607003848712	0.883230836067159
NA19331	0.104827715202168	0.568422362347977	0.867241826597723
NA19331	0.0910805367324348	0.598468242011573	0.772422849195726
NA19331	0.0715643286111673	0.604567985888786	0.768738793857792
NA19331	0.0404505320455309	0.46153053972459	0.790759000281915
NA19331	0.0820774587590341	0.444927102085273	0.824139092829637
NA19331	0.161887041462386	0.554036297383963	0.910012338381129
NA19331	0.148785638965309	0.457171568247959	0.734748120027803
NA19331	0.0511481571243315	0.507696149578872	0.896293380960613
NA12275	0.103550064427953	0.540741893736628	0.604393081903688
NA12275	0.181411433860577	0.523033139283115	0.657039972502016
NA12275	0.116568040529422	0.409701680243692	0.80331989275903
NA12275	0.116964136141976	0.341248860371545	0.772192169577833
NA12275	0.124726797950474	0.421351323184359	0.722687061333509
NA12275	0.0996424005934447	0.513915067266251	0.707783509757386
NA12275	0.115370837319487	0.57069318767147	0.690849278217655
NA12275	0.0486703214770015	0.413687877768573	0.757456383645187
NA12275	0.129576556212107	0.368828007733444	0.563023984749665
NA12275	0.0811746317129183	0.499773046200504	0.662142051285561
HG00590	0.0551329555476206	0.486382942275681	0.829496749818218
HG00590	0.177632017905362	0.486480911599767	0.851396420195332
HG00590	0.0646269354812432	0.655081646228086	0.845041690273577
HG00590	0.064764858222578	0.744282465506073	0.826572631593922
HG00590	0.223669187527345	0.523619940839471	0.900157871095529
HG00590	0.156651284159731	0.686987091832435	0.73910816998398
HG00590	0.146486739000243	0.742809010314099	0.967670631217851
HG00590	0.0645157976808186	0.581667635367073	0.921377229241185
HG00590	0.0975513790465867	0.500626274604128	0.883438217003958
HG00590	0.0557699905224196	0.650845239646316	0.889834903616398
NA18602	0.0645908075084698	0.45816457251423	0.91529086136299
NA18602	0.263632341271517	0.447971949568797	0.89254344499949
NA18602	0.0751673616827789	0.737050058343933	0.939535597853843
NA18602	0.152001172902563	0.604468074721079	0.899820138030377
NA18602	0.119507309963523	0.695355454518841	0.761000224716453
NA18602	0.116218207570548	0.585696412763335	0.887353923098818
NA18602	0.072055902578896	0.509207172077627	0.885557374578645
NA18602	0.100726411730614	0.70800714352189	0.833822058698619
NA18602	0.11181663689933	0.63402362907875	0.859114365281995
NA18602	0.0485943128376488	0.656557725249828	0.813877536519187
HG00247	0.228919664511812	0.591206349435248	0.744176320175138
HG00247	0.115658373157139	0.516340345469113	0.556691673987825
HG00247	0.0872999545150252	0.713257491798535	0.744625465355295
HG00247	0.156180417610951	0.601946428311147	0.691288380905887
HG00247	0.0881247006938409	0.37381460188179	0.744291397721817
HG00247	0.0460212375106407	0.464695332150491	0.517421777765431
HG00247	0.131854769647391	0.538461096564964	0.843364598774565
HG00247	0.061097221022543	0.507721058041767	0.652371554002771
HG00247	0.0394697179440325	0.433332858321355	0.736544048538478
HG00247	0.0300609644926804	0.647681919486295	0.759488402754554
NA12046	0.158875409662679	0.213877743622269	0.845609851900576
NA12046	0.071424522907376	0.257146729601369	0.951958199270789
NA12046	0.095419978272547	0.285377899757359	0.893003914248983
NA12046	0.0444085311907963	0.471183429253526	0.766226196895912
NA12046	0.113490773660623	0.495477924717318	0.954158429124616
NA12046	0.0354452650679549	0.327911264182065	0.808989296251866
NA12046	0.113727729402923	0.283974512533722	0.914525020197399
NA12046	0.0760736158235477	0.229662959153969	0.901768912191316
NA12046	0.0471479411447665	0.247819323273761	0.883298134191334
NA12046	0.0904412400485873	0.296963207456041	0.955440597720454
HG00171	0.219219034265236	0.618189945600634	0.930040613164573
HG00171	0.132843597365599	0.387995960071694	0.816016537736077
HG00171	0.297471070425857	0.45049846358129	0.738008600257975
HG00171	0.11305803793476	0.459453139244192	0.760702048686978
HG00171	0.1130151927998	0.547515979979975	0.787643984229654
HG00171	0.115831155144153	0.324637281983439	0.904624677297201
HG00171	0.078928647017716	0.408398681917601	0.908801365127509
HG00171	0.0833244552557278	0.419641796583036	0.876237817894496
HG00171	0.135398466972488	0.383969599128197	0.871064545447047
HG00171	0.164243962469422	0.304239450499247	0.859417338039406
NA19982	0.0315039636433622	0.0596570532635966	0.123036464515607
NA19982	0.117598842132832	0.190778196572461	0.10121097811345
NA19982	0.13636616845004	0.169894033573694	0.0716893151804062
NA19982	0.0778604356621859	0.152458431914834	0.109780534024239
NA19982	0.0592773388910033	0.150998921631545	0.187230502144186
NA19982	0.268004638636802	0.0816789236790815	0.0663401737044244
NA19982	0.0933603078555632	0.210360643899324	0.102677408623353
NA19982	0.067244562412802	0.0516814538941446	0.138106899212618
NA19982	0.129063885616326	0.178112944628057	0.0777792213597846
NA19982	0.112816182403077	0.04052385477054	0.109501649891888
NA20513	0.0699979542581261	0.22466740304706	0.861782539067727
NA20513	0.164792395532755	0.365191748820454	0.924381441745062
NA20513	0.0644234774699843	0.250579650198467	0.844754459123339
NA20513	0.150305406891675	0.356422928699093	0.875399382405188
NA20513	0.175287975299779	0.283542513211848	0.953495444942719
NA20513	0.141281543778656	0.380793451753953	0.922648339494921
NA20513	0.114876792509929	0.351642007082385	0.967133038324998
NA20513	0.107493403461734	0.178927776205918	0.640276268947455
NA20513	0.0602737738627375	0.30143771694122	0.852028033479396
NA20513	0.0968225746927034	0.551234068682699	0.831505475943985
NA20804	0.161087466845507	0.452304581960387	0.947224600256784
NA20804	0.076516154463646	0.764855327942433	0.827387055990574
NA20804	0.0813830172156182	0.681568858088307	0.910351914183417
NA20804	0.0959014959072587	0.576197529418558	0.909944216380391
NA20804	0.182978078954501	0.542584601684266	0.905461453129099
NA20804	0.0969695307099147	0.715645545233945	0.841878944493694
NA20804	0.117266039238323	0.677556618950494	0.948625837281856
NA20804	0.101312467591736	0.721239797160251	0.897647750552029
NA20804	0.0959796790414513	0.647703224063873	0.879214505863253
NA20804	0.0915713781800942	0.705119262707761	0.84301985168964
HG01374	0.0228276573847225	0.415223646396642	0.80316831455507
HG01374	0.131404816823147	0.357809363467408	0.739055734028482
HG01374	0.0757566764651315	0.248802661525943	0.860067551412222
HG01374	0.180116501002665	0.530391208367283	0.892071829048027
HG01374	0.117186332800294	0.54860708562632	0.831973878110039
HG01374	0.0828800229355743	0.347658685265185	0.650177825905037
HG01374	0.0794457796584303	0.438454241147121	0.841381278300101
HG01374	0.094674126290549	0.445717740420954	0.849440292328442
HG01374	0.220433338890181	0.437456054055977	0.819721482819374
HG01374	0.0951530740819215	0.552461679517672	0.81611970827529
NA19152	0.158849174050352	0.553136529543388	0.85930944151224
NA19152	0.125685675956415	0.7432831299819	0.808617610240518
NA19152	0.106664130869098	0.605904790781959	0.955643436797486
NA19152	0.0811504528933857	0.582025784165105	0.832117715868919
NA19152	0.126814429691069	0.395789595146912	0.844523561934757
NA19152	0.0783196521704531	0.581471171544275	0.854486686178098
NA19152	0.0689620228437131	0.556403425424582	0.830228208644966
NA19152	0.146822057492035	0.558542736919321	0.820365739743335
NA19152	0.0174712546444969	0.498208372936568	0.754217046947099
NA19152	0.224174350359964	0.397449166653603	0.736674397117029
HG00125	0.133957200548648	0.411066923518294	0.65358117110415
HG00125	0.142179034582468	0.446420566027114	0.588272591601865
HG00125	0.13016382980441	0.560485005271484	0.732093610601823
HG00125	0.0683937497340416	0.530128213974531	0.635511143082596
HG00125	0.0807245470221721	0.37763988657777	0.477553428527681
HG00125	0.309743117791046	0.205788472185689	0.515452058528846
HG00125	0.083999865140946	0.397653867135514	0.618358250935889
HG00125	0.0453562578785414	0.399380402709259	0.333399412268975
HG00125	0.0870210651298395	0.474214545222469	0.669962572463151
HG00125	0.182588256095165	0.500309625643618	0.307866338866643
NA18643	0.0595551675258778	0.541779270312284	0.899620220053431
NA18643	0.148851582955964	0.651692900434879	0.789062414949433
NA18643	0.115837613561927	0.592919839583806	0.857543331695744
NA18643	0.0817018979953199	0.553110887000979	0.898872118903672
NA18643	0.150503390265729	0.622840421128899	0.891839462735775
NA18643	0.101940965561951	0.428788515114819	0.897069359404843
NA18643	0.0911578069887541	0.626832989997546	0.909611106901841
NA18643	0.0793375358477916	0.454619929432773	0.913228928825411
NA18643	0.0814072031964606	0.541719779849772	0.880355363973383
NA18643	0.199527060035518	0.409223350968205	0.914060226794681
NA18633	0.168393491389947	0.341022844243089	0.935229313489975
NA18633	0.157211081744348	0.482383457352082	0.938262881174936
NA18633	0.149578276916831	0.316229071056739	0.929695468726494
NA18633	0.0468899424496911	0.446350345818798	0.930551992581733
NA18633	0.0572322471895699	0.332995481686839	0.84672842147172
NA18633	0.0728695789123498	0.467186184659906	0.882057629916592
NA18633	0.0824256315299088	0.235558635132292	0.830252995678683
NA18633	0.0978775984267314	0.366868952518127	0.875670209678217
NA18633	0.065590369196786	0.245417118529995	0.915737804835259
NA18633	0.159812537947803	0.450331531986315	0.814200691097751
NA19728	0.0445779267715348	0.402353585589116	0.92439570126263
NA19728	0.228152912088539	0.739669653465165	0.859734367383215
NA19728	0.0557001219846349	0.576960076327617	0.899103596307543
NA19728	0.134439094043823	0.785531624393902	0.861177098045845
NA19728	0.11272753900407	0.643740082118709	0.822661916166717
NA19728	0.0370600356213716	0.658347958102445	0.774276475734546
NA19728	0.0862308468275173	0.567856306710899	0.874630328697755
NA19728	0.110059234780724	0.555908280887338	0.755631758319741
NA19728	0.0456780338443535	0.606326877933273	0.59474460920405
NA19728	0.0865157776118003	0.727610902814934	0.819485430570575
NA18564	0.0710210750977888	0.624970687973468	0.832078248880403
NA18564	0.18013783689204	0.699756501750637	0.736015139857701
NA18564	0.145369147837652	0.465301589741002	0.758825599306948
NA18564	0.0567610129963555	0.333347797519964	0.732449934106258
NA18564	0.12437231302031	0.735545377827795	0.862153194101416
NA18564	0.147635093233441	0.568266349615875	0.945557130229224
NA18564	0.13623138306268	0.563514904310936	0.896523736015631
NA18564	0.0273235191585499	0.506232863329685	0.801901645179896
NA18564	0.0808117256785141	0.462459712288214	0.783129201909702
NA18564	0.159048239472	0.55185457712739	0.831014671982589
NA18949	0.0953546709889351	0.572182716956598	0.826198616565377
NA18949	0.168516522285488	0.515945720088531	0.887667949795852
NA18949	0.0290548334262459	0.590524889189119	0.911049662524449
NA18949	0.200188907299191	0.704371280532146	0.925391127826049
NA18949	0.226830339091236	0.627841117370416	0.897685311243931
NA18949	0.0746382696368307	0.693353811641301	0.957504931127103
NA18949	0.0534717805562091	0.547891276300902	0.976421456195783
NA18949	0.208492976178931	0.499800042361387	0.963628635559214
NA18949	0.0945579738400719	0.541140977821881	0.920877114201158
NA18949	0.115111579272163	0.465069410597809	0.959606641658127
NA19399	0.0976743630342957	0.429148614204477	0.909363733370673
NA19399	0.0985666682386773	0.629735240109614	0.901958059239445
NA19399	0.109615625251053	0.448722795408886	0.873639527599057
NA19399	0.0894909923221048	0.514481151876801	0.790032983491215
NA19399	0.206137957217314	0.481245206789906	0.829428542078543
NA19399	0.0722782844215094	0.702974703590016	0.902331321248089
NA19399	0.278585133217017	0.372762912265611	0.74431821607487
NA19399	0.116353111677608	0.60410732029797	0.903790129396016
NA19399	0.200296005636137	0.628016470932832	0.783977479750409
NA19399	0.108782457089024	0.503338075307583	0.920377172629734
NA11919	0.029180074333571	0.621707295196418	0.80702192751811
NA11919	0.110104457839292	0.502454133384425	0.855353164851138
NA11919	0.0307110491430593	0.379223503994354	0.890170814320746
NA11919	0.0607431222942898	0.643967176118893	0.775157692327108
NA11919	0.153465989953014	0.488154870058991	0.749861235609501
NA11919	0.0602194271452548	0.660186695001967	0.766119483269147
NA11919	0.077715417983288	0.486874207122313	0.58605933703691
NA11919	0.0306554483059322	0.529516074051123	0.853025959222334
NA11919	0.210788976307952	0.539748218917096	0.768051943068297
NA11919	0.079028862437532	0.532022816801161	0.856204809888459
NA19704	0.070809036291748	0.62681532607639	0.813611530997043
NA19704	0.0706814157794154	0.703161287563803	0.75121697301375
NA19704	0.142621541790482	0.612356840954756	0.852477322726718
NA19704	0.171767336896463	0.431385998165724	0.797303622079939
NA19704	0.161306590302663	0.656757541683815	0.838537842041254
NA19704	0.0308140397497708	0.500139819735291	0.777508069472184
NA19704	0.0706823817485884	0.565593744283274	0.859303366066683
NA19704	0.0684664909644483	0.568955859133708	0.915291882517694
NA19704	0.0684623332091501	0.469206540709524	0.893677278052337
NA19704	0.0690325484693217	0.620498699834223	0.939854229485934
NA19005	0.10974204982021	0.628429363660644	0.857353644941642
NA19005	0.0409909580908621	0.721702822402133	0.716243390724184
NA19005	0.0152991130078932	0.551667131576225	0.9768858028076
NA19005	0.117257853909768	0.685044373454911	0.874526545623522
NA19005	0.143104761481465	0.762624820038251	0.873851817579971
NA19005	0.138683392414786	0.714003729793912	0.837528961152639
NA19005	0.225502007665597	0.827362092363641	0.786851447348927
NA19005	0.181093355186879	0.832237158091754	0.911456352737115
NA19005	0.218823922280642	0.619225420762168	0.768183480945333
NA19005	0.237270001850837	0.720413192267646	0.80809386195884
HG00149	0.0708438807321612	0.45062154574574	0.811486300854102
HG00149	0.0308050834255519	0.757458935916252	0.643554581696107
HG00149	0.0441058227187418	0.461246050637714	0.580633697957986
HG00149	0.0370758932845622	0.542097046515734	0.779793942637352
HG00149	0.128348939154179	0.67080480418903	0.739361580378799
HG00149	0.1107401040029	0.533116390920113	0.71043773214017
HG00149	0.124966931937987	0.36799336198905	0.760636071321613
HG00149	0.0636407505799834	0.483845541634566	0.753120995311473
HG00149	0.150959909203732	0.393816727747613	0.637761778336964
HG00149	0.0989812494074412	0.537214939434011	0.816771043081641
NA18562	0.116832558735753	0.668731148561605	0.800220446383266
NA18562	0.0499637379836217	0.782378435165325	0.814469182919915
NA18562	0.229608626265779	0.698002523976689	0.900605322166144
NA18562	0.0975055389715122	0.701046203195338	0.820489847795798
NA18562	0.281288956560652	0.814282148883587	0.84376960626114
NA18562	0.230735170330609	0.67410998904221	0.833125982424479
NA18562	0.107696819019252	0.754597464970059	0.963011850956842
NA18562	0.0898178308468331	0.788509528698945	0.963626428963213
NA18562	0.180776711295182	0.614106999047554	0.939289725575121
NA18562	0.143679502187059	0.794597921930009	0.903087455910726
HG00692	0.126523910486473	0.612566568786025	0.933813037625401
HG00692	0.115796184280974	0.746355763887654	0.73900478842382
HG00692	0.254984469897361	0.731272035394281	0.874582674303785
HG00692	0.0415283515712977	0.709861431685052	0.775821426680485
HG00692	0.0362323990587831	0.523771603962422	0.835351974092549
HG00692	0.164373547576063	0.77263721412641	0.781514707164694
HG00692	0.0683677153539192	0.676008537876052	0.69777545416791
HG00692	0.0898455066695742	0.661215076714937	0.801562898176818
HG00692	0.0232079785159744	0.632177976752001	0.667447395150247
HG00692	0.160789285498121	0.561370267291319	0.800605557583184
NA18950	0.10156818434204	0.710612139944434	0.87101959351277
NA18950	0.0646326191938211	0.545654901938463	0.727172691266714
NA18950	0.0865905831212152	0.529311475136379	0.943322114003267
NA18950	0.126895372613	0.420354647637253	0.649265215951118
NA18950	0.199911307567012	0.538386030593827	0.609185580874633
NA18950	0.128616735282024	0.55419514962529	0.695905511257198
NA18950	0.112747589781544	0.609256905571043	0.81785714539329
NA18950	0.124775651342323	0.574466622000266	0.733611858662063
NA18950	0.127786775438438	0.331591417832992	0.724279874383083
NA18950	0.216184332422409	0.440437507116302	0.416798127739821
HG01465	0.110353848951911	0.693722564384519	0.810832185873166
HG01465	0.095806587609841	0.708306274410123	0.92479402305341
HG01465	0.0826125421476597	0.496924660364775	0.841584778777403
HG01465	0.0171005197731998	0.625222914428992	0.844116015689549
HG01465	0.13393366725103	0.666753327675057	0.892733384084834
HG01465	0.0739759158899056	0.808344594221968	0.951523276427285
HG01465	0.0847687043636372	0.635886021691436	0.869010416125558
HG01465	0.149009517642132	0.565469618192658	0.927231105188178
HG01465	0.071211921882199	0.484066248566125	0.878674057676717
HG01465	0.0994534610668559	0.609407771679977	0.907039708734878
NA20530	0.0692256681469701	0.495679306117555	0.801492549917697
NA20530	0.0548381537772352	0.507449804999275	0.793066265665525
NA20530	0.126013782674349	0.58358149383444	0.909233163854095
NA20530	0.274811199608826	0.499219829440877	0.670693172624468
NA20530	0.123490376204351	0.405716669499163	0.90038110316694
NA20530	0.0336391962280059	0.449971870740676	0.86843741747944
NA20530	0.0457315635890103	0.587562624279228	0.853614000984323
NA20530	0.09036080739871	0.454335109076675	0.639801567891843
NA20530	0.111707129136564	0.505899479016169	0.836057010688525
NA20530	0.0653896520583424	0.624412831663937	0.945650292575532
HG00239	0.0829748605156242	0.440119806880033	0.748869972293095
HG00239	0.138023759034209	0.41263521183216	0.794060511507904
HG00239	0.0704937448527192	0.665183246585365	0.76572172665273
HG00239	0.0393798200265569	0.586606735063562	0.83284830199029
HG00239	0.119262470530006	0.631616443998122	0.80235839567131
HG00239	0.0336617522642599	0.414016638212784	0.872890536848211
HG00239	0.150913214159355	0.495497328912142	0.923169880936446
HG00239	0.0952017768105162	0.541410290332734	0.945464847788783
HG00239	0.132179621999513	0.56112430258496	0.842256403182609
HG00239	0.200063925199965	0.542142943652017	0.961299197759798
NA20356	0.0836096469122824	0.73083154916399	0.893197701624396
NA20356	0.167988994012315	0.420809794513489	0.873329251605333
NA20356	0.0821949506967337	0.628631018907912	0.909662974132848
NA20356	0.132269726321705	0.518532287846539	0.945265776205248
NA20356	0.215555190960916	0.348548984547712	0.885830501228964
NA20356	0.075289162889258	0.377129544267028	0.902497026353028
NA20356	0.0449463654499259	0.431178185780858	0.891153106202772
NA20356	0.0729674967325059	0.540985369630742	0.900999560070293
NA20356	0.0569365117147102	0.558910292064485	0.930349119090662
NA20356	0.0728709410223696	0.626777055563018	0.969361952643093
NA18999	0.102011687648912	0.596668357445745	0.924647907914803
NA18999	0.170016394952991	0.545032401302419	0.865908273071946
NA18999	0.0937495525255031	0.588510154005091	0.89984951949277
NA18999	0.0711260680938502	0.694163458457368	0.872362438405499
NA18999	0.13685919120919	0.52286186815888	0.741922436109089
NA18999	0.135531818619753	0.626718731932773	0.942747788725629
NA18999	0.0352309667676571	0.53017411196513	0.955452776551921
NA18999	0.238318402700262	0.464681513155071	0.897349034203059
NA18999	0.0547187244135368	0.471394349385492	0.789199768878521
NA18999	0.0883999998674786	0.553586155041478	0.825898430825121
HG01620	0.144883195885408	0.414433915286257	0.51763293131738
HG01620	0.185493533725827	0.512222586096954	0.658908041257486
HG01620	0.137181622173895	0.344086290549515	0.501537007197167
HG01620	0.114601660072963	0.500910980310358	0.630116293575427
HG01620	0.0891805986610218	0.586563789792442	0.669091137698597
HG01620	0.0971727122451989	0.36312767142862	0.493316565282679
HG01620	0.203371451055376	0.235953972618541	0.720908390132573
HG01620	0.17448154984421	0.569734222212808	0.699984176398095
HG01620	0.0657139100286076	0.424298224822424	0.533379009053613
HG01620	0.0763625237712722	0.449761568893698	0.455293716445883
HG01080	0.102202365410937	0.543706225122852	0.930157606076028
HG01080	0.0283005566742759	0.535182351519181	0.753496918048884
HG01080	0.0853755470202462	0.633305361399907	0.804917389780565
HG01080	0.118784370884563	0.585524336974462	0.778975117849454
HG01080	0.107907251337162	0.467361655713811	0.941867476314098
HG01080	0.131696302443918	0.548032618661533	0.931763643839993
HG01080	0.138696611428563	0.519143531847613	0.838397588748487
HG01080	0.0588876068202933	0.517538981337	0.912081206979959
HG01080	0.0844466016411059	0.583168203772657	0.828594097176371
HG01080	0.0667079835100303	0.572230017731344	0.814519260578586
NA12342	0.0442292053000065	0.588196852055498	0.793077643061111
NA12342	0.0805723358336951	0.663969855624753	0.653396952636783
NA12342	0.267004672654698	0.798350024177698	0.827643695170295
NA12342	0.238821296677227	0.556972202700881	0.699166868829361
NA12342	0.141476234830456	0.607100497155557	0.707885468970869
NA12342	0.127328107620314	0.782574859229482	0.5469001156679
NA12342	0.102893985159119	0.599839975502331	0.760758465772176
NA12342	0.127099499890625	0.546401110373067	0.699314109863305
NA12342	0.0556611859451848	0.413976648719693	0.619899426006278
NA12342	0.155511927239681	0.283889560060589	0.695794357351331
NA11994	0.178318669244911	0.61469905628906	0.80201340099151
NA11994	0.217919662958043	0.614196038794983	0.675336782487936
NA11994	0.135844911162204	0.50110415562576	0.659314720162038
NA11994	0.0886898912257229	0.653134385710032	0.70535711146562
NA11994	0.0449006046158103	0.617202314704005	0.776357076664228
NA11994	0.143265507185522	0.717612525253906	0.702350485188503
NA11994	0.0454342143969964	0.733157534018321	0.756361748306266
NA11994	0.0558816848517687	0.694919027739708	0.684106728320845
NA11994	0.106160927786118	0.624486647228994	0.639170113659015
NA11994	0.163561825818215	0.661039088403429	0.62809646878672
NA19908	0.152579325689118	0.749925015351382	0.908475954496744
NA19908	0.117933908156539	0.69058571454788	0.883406228200849
NA19908	0.137946044646742	0.675383724077951	0.754518241377602
NA19908	0.156890779131317	0.634699082555256	0.916252991668024
NA19908	0.0593429923442753	0.598443013009199	0.764428621202724
NA19908	0.129743914207323	0.639396187991781	0.876919599667776
NA19908	0.102024456306956	0.637155984958672	0.898209780518581
NA19908	0.0290268001238682	0.555854192507736	0.773367502859414
NA19908	0.168949501726601	0.644511214610266	0.70100385789894
NA19908	0.181024021792084	0.519792491664633	0.847072658866119
HG01357	0.071257932430944	0.541445463580857	0.877334871085072
HG01357	0.162666599533038	0.427052358518651	0.899944057431033
HG01357	0.169806892175601	0.393694996806211	0.92515353729807
HG01357	0.0484888140112209	0.441516574785311	0.878681611099899
HG01357	0.19038551750393	0.379677433788544	0.906872463484836
HG01357	0.104118306289503	0.601208276510146	0.914071199219681
HG01357	0.0914936831617482	0.304960863011737	0.915993567183289
HG01357	0.100037585017783	0.483115493235083	0.92475851020597
HG01357	0.10709824655709	0.497901573543688	0.901096125422417
HG01357	0.0443760026359735	0.32223808437179	0.901591146402974
NA18486	0.0873680135135557	0.540529229355889	0.938235541116412
NA18486	0.140921799136977	0.585903058925558	0.91274448076315
NA18486	0.16244190128731	0.572451549567694	0.900261339880212
NA18486	0.125133421966443	0.662510720026644	0.989123641722351
NA18486	0.104105671520336	0.616445001664126	0.866360768103646
NA18486	0.0876640620816255	0.507977816152346	0.908344775505801
NA18486	0.115209393184952	0.373397638512316	0.917133451952895
NA18486	0.110933154497842	0.60102853326551	0.881552729774829
NA18486	0.230740080599111	0.352562327875396	0.950079540348084
NA18486	0.113587590022563	0.499565633055857	0.854819362950838
NA18956	0.0280821691674688	0.568944279836999	0.952268192659185
NA18956	0.0613097794088243	0.54564231014676	0.83170776195013
NA18956	0.0978572686856229	0.623801705702151	0.755763546260155
NA18956	0.0625372392156091	0.689107238715316	0.820353801342054
NA18956	0.0541065746439836	0.572005601444477	0.702242076361472
NA18956	0.0238685045326944	0.529152486597425	0.886306045065994
NA18956	0.0407518981445516	0.362124849888237	0.901450271286088
NA18956	0.149369579363807	0.673082359084208	0.950821389159943
NA18956	0.0832370503965962	0.550534018500477	0.800682830893751
NA18956	0.118901207061433	0.486656860140415	0.888803615835024
NA19338	0.152107906007076	0.462978898463487	0.788450678938684
NA19338	0.124186621043475	0.554536231500004	0.74816973391453
NA19338	0.0915695588563822	0.409652407168903	0.71962300412561
NA19338	0.0653848077323048	0.557323605774977	0.710791706357316
NA19338	0.251383639915105	0.547952395857755	0.766675533651764
NA19338	0.0961538044240027	0.734397270944825	0.700060210102181
NA19338	0.101355934354984	0.589990978727069	0.850838018377862
NA19338	0.0476073772630268	0.577258695916709	0.965372509220227
NA19338	0.120091958918678	0.678077555591506	0.712147113243328
NA19338	0.0626142449034009	0.560001903996029	0.829461010476727
HG00339	0.0662196752303865	0.570597620273078	0.719862982008389
HG00339	0.143499262761841	0.394680478627948	0.724700648389552
HG00339	0.0321536241652316	0.374225674814538	0.640649572632639
HG00339	0.149870661568886	0.330209800417685	0.578890038805204
HG00339	0.172345233336765	0.445937801458347	0.582540230235823
HG00339	0.0805066585290274	0.557918125857532	0.50817725337995
HG00339	0.147797832091201	0.467775504351255	0.633992995573687
HG00339	0.117835097180399	0.396234587334894	0.602842049093809
HG00339	0.0464757265742685	0.505169995304854	0.747788807478034
HG00339	0.108402538049007	0.621775074564869	0.678818604914925
NA12003	0.157331471505721	0.501032333183936	0.734998078734768
NA12003	0.0511591913815277	0.563925517322234	0.746301703782405
NA12003	0.0916619053344411	0.682481542599882	0.806707271930964
NA12003	0.10085587187832	0.706289096383711	0.83515270833325
NA12003	0.11097918799092	0.587982521565164	0.803639502576226
NA12003	0.0571762276224945	0.652232530245283	0.725279618376808
NA12003	0.0802207214957204	0.671460835911148	0.799321451725988
NA12003	0.0783057287543187	0.855910783558865	0.897885395818573
NA12003	0.0396523123168006	0.475574234129118	0.838892076231088
NA12003	0.0914011338436877	0.660188865721792	0.87878205516791
HG01551	0.111525182301329	0.492218890718593	0.755378632443439
HG01551	0.322849156269718	0.555023727505481	0.77883607488787
HG01551	0.0577709225389815	0.403752055949761	0.695858713053738
HG01551	0.162298371315499	0.482308612219002	0.658252237828867
HG01551	0.188915577243781	0.521646378499702	0.82184263798829
HG01551	0.140055751859041	0.536189989733555	0.75225971401539
HG01551	0.125570512637868	0.56227976183921	0.760981587492447
HG01551	0.129530919007656	0.577108259188946	0.831497342038112
HG01551	0.0307873983959923	0.521205014090354	0.858408469437843
HG01551	0.0701466394706429	0.728854897943804	0.776166829760226
NA18992	0.0548885425330711	0.72016970244566	0.922425833203565
NA18992	0.0782128205345603	0.698668818753384	0.925203190192459
NA18992	0.0460634067921482	0.606484469301648	0.836844324164763
NA18992	0.122877184777391	0.850712619294669	0.573959881421217
NA18992	0.221995532168293	0.620742535247476	0.820799203906715
NA18992	0.0440352633646984	0.698863292223703	0.82081172580137
NA18992	0.128646541538756	0.54037864998718	0.748440037187653
NA18992	0.123127826476297	0.670873726940191	0.78864638951149
NA18992	0.114359975778666	0.764367503385966	0.919648636652748
NA18992	0.0884988066510663	0.66048990738386	0.968508773342828
NA19012	0.102051107307709	0.816911972032149	0.949798051041905
NA19012	0.167280180590186	0.621153331183805	0.934479327653405
NA19012	0.0720811471761022	0.712275587566742	0.787266024730045
NA19012	0.1226887756132	0.582060125006111	0.805096672833912
NA19012	0.0751957433238245	0.750401577256697	0.810115911529008
NA19012	0.073781092633056	0.673647609081955	0.889848692210244
NA19012	0.0879068419646029	0.793587532554778	0.917264198986792
NA19012	0.146152451153276	0.64600466229575	0.94602437202126
NA19012	0.0187282365789797	0.612666823008507	0.857797283503963
NA19012	0.323412991365367	0.674045576315452	0.955074075857459
HG00698	0.0806791857328599	0.580970639232397	0.909595049951565
HG00698	0.0943501562192894	0.580536105650629	0.869501441712933
HG00698	0.182809440079015	0.64785404647183	0.792586776962396
HG00698	0.100710998562476	0.549796713172654	0.741589274563137
HG00698	0.156716857937752	0.517731828666176	0.706572744067493
HG00698	0.133051920454722	0.723450436385652	0.806670240588868
HG00698	0.0589020538165698	0.383564537795941	0.839445135547186
HG00698	0.0845614555135423	0.496647346444684	0.873888690773202
HG00698	0.0177442412413617	0.573638496898275	0.891356279937497
HG00698	0.105495021726633	0.527915513939317	0.9003711360263
HG01624	0.0589769013429582	0.442192057899689	0.741323289614605
HG01624	0.0331177057241957	0.525191542998211	0.449945750954242
HG01624	0.0615588568781551	0.403685087069429	0.632813616876489
HG01624	0.0732530724828868	0.33582275553424	0.480389854858602
HG01624	0.0491016044662135	0.623738695801797	0.791486080787228
HG01624	0.0733087449718859	0.246867952427128	0.631580663694502
HG01624	0.120358710313569	0.487698098756134	0.787891050738284
HG01624	0.173204457937217	0.540594708093967	0.830002494165172
HG01624	0.0996346878143304	0.599563783236924	0.762102180923034
HG01624	0.12150273961523	0.511091380926363	0.654461325450837
NA19725	0.129810177207065	0.596552492281362	0.684906874264909
NA19725	0.131866695414493	0.536810865439082	0.718347353125163
NA19725	0.0858707793598812	0.603198858895212	0.906402677226173
NA19725	0.155006149530128	0.49738667362504	0.739900575971023
NA19725	0.0732523642236949	0.666184931363165	0.870872644035608
NA19725	0.0500866417412093	0.670357460329324	0.828634863382078
NA19725	0.158685880969776	0.639717994565323	0.735708536753285
NA19725	0.143417242858144	0.623416622476768	0.810942767973358
NA19725	0.0619952404584043	0.613402094375217	0.852822970846577
NA19725	0.0330463536417554	0.611080525378951	0.857396645425245
NA18948	0.0664392899863478	0.744254140077954	0.74244537893083
NA18948	0.118872029584871	0.771366956741451	0.897774364445973
NA18948	0.11428067163337	0.694151388775036	0.907035952155622
NA18948	0.105059060725498	0.57499426932725	0.711284700042601
NA18948	0.0344976136256331	0.661057985323802	0.934550266847686
NA18948	0.229893864658173	0.808494045353063	0.824414787258266
NA18948	0.0614838521104748	0.487598337737599	0.95153349815502
NA18948	0.0580694295356691	0.695136159745644	0.907792385965614
NA18948	0.183253841573073	0.658678330870977	0.948348496195708
NA18948	0.0651877601908464	0.540654892166977	0.850028643692919
NA18917	0.0627445101903276	0.532769024499633	0.841230902594666
NA18917	0.175252890010408	0.655686094772249	0.750505946553265
NA18917	0.103275426237063	0.535219905877485	0.865170273922786
NA18917	0.0418753657830021	0.712755780451482	0.663745691727724
NA18917	0.0794433966103538	0.548165740232309	0.726647309886463
NA18917	0.126442651752705	0.568383818120573	0.55822822478907
NA18917	0.171142016398677	0.50509295471187	0.796675749064225
NA18917	0.0985498876419368	0.610582966655848	0.647626295142597
NA18917	0.091297845570288	0.462157142684405	0.656128539114625
NA18917	0.157842022773524	0.369997711242237	0.779377342974474
NA19116	0.187903549370628	0.550865118721118	0.797433232893249
NA19116	0.143224274576564	0.545753359341989	0.932550877474371
NA19116	0.0748919681218739	0.536804075813549	0.883328493080231
NA19116	0.133270584846774	0.630340265234007	0.918179654688742
NA19116	0.117050143328307	0.373774001438721	0.919089962058596
NA19116	0.143574750514049	0.418008545635256	0.960252349167843
NA19116	0.159733475307451	0.42999910181118	0.954501676635282
NA19116	0.0731353067234615	0.574546135794567	0.835262922558225
NA19116	0.0195908481994248	0.437958887210478	0.838690075914354
NA19116	0.211428006938921	0.416297016715439	0.874030254277249
NA19175	0.124770252917778	0.649102802484723	0.930087792298566
NA19175	0.0340897401647137	0.605649510217351	0.927744702138195
NA19175	0.159677860120387	0.647650717427159	0.924906511723751
NA19175	0.107264621572233	0.578963782809943	0.831271895187613
NA19175	0.116491447128601	0.559104862078567	0.884418198129029
NA19175	0.0778339272846036	0.499942142727693	0.792920474444929
NA19175	0.14012851084201	0.482695546206232	0.942038253646536
NA19175	0.12276766901571	0.594492011696646	0.906762700902285
NA19175	0.106788081167436	0.526448120866401	0.825695912578673
NA19175	0.0396371374028692	0.574353998984772	0.896034649531421
NA19117	0.0229256385619679	0.521806887325211	0.739386973666969
NA19117	0.0704023709160242	0.604394726072894	0.704826675674885
NA19117	0.158624023814807	0.470397739983241	0.834956439750345
NA19117	0.0237574541541244	0.761993572953446	0.895590112401877
NA19117	0.0841291187119496	0.615389517662577	0.892196583666103
NA19117	0.0972883449461623	0.828885638233564	0.853756640676986
NA19117	0.0256606635001899	0.697877734156343	0.910605450663695
NA19117	0.0339571175754997	0.755500335692365	0.868159077064325
NA19117	0.126325281194011	0.815308352470538	0.832878700377486
NA19117	0.192765911770698	0.569655067148177	0.724484885476467
HG00683	0.151812958027603	0.654676677624548	0.869280260207365
HG00683	0.0333180838623526	0.604992330611297	0.881734009041125
HG00683	0.0707270185779934	0.660034795975624	0.885091791050716
HG00683	0.055802528800032	0.608036122112087	0.85510390928731
HG00683	0.121483708005191	0.638277232641569	0.939713157569455
HG00683	0.146454006778372	0.670537391209184	0.767263546695353
HG00683	0.0608420097421006	0.697337529288933	0.935782308541019
HG00683	0.118919389810171	0.47843837461863	0.75685675158807
HG00683	0.120015177556735	0.682350333143874	0.891039692080181
HG00683	0.0370740536379258	0.474087605086403	0.798143542799065
NA20414	0.0804044251100905	0.650883877751833	0.808589867875945
NA20414	0.129040933301437	0.73556272287686	0.816995181793813
NA20414	0.0925452952195931	0.55134635661753	0.932385018442434
NA20414	0.153504063927887	0.645242181514417	0.782734614170126
NA20414	0.182029804057128	0.600147479852147	0.799282518789403
NA20414	0.133875173558222	0.669001153065244	0.636795662049829
NA20414	0.099944233951768	0.683203999554777	0.864005607305389
NA20414	0.162763451542572	0.6124378100632	0.769578123788589
NA20414	0.0515395683788704	0.686395303054542	0.852356423094362
NA20414	0.147466623971748	0.741057630544701	0.805136000239713
HG00266	0.0732127419129022	0.405338562530201	0.868648797335073
HG00266	0.104331171564053	0.210382393922302	0.915028896702375
HG00266	0.140007455189191	0.266731548167321	0.933988291352607
HG00266	0.0986166059004923	0.415561951343306	0.885533201980013
HG00266	0.136148864350954	0.300255697246447	0.757993637536275
HG00266	0.0727223924251087	0.314066670833896	0.87753603115081
HG00266	0.0850614823790887	0.224754860240661	0.840722773613471
HG00266	0.0471572521684886	0.475090056680147	0.876304757295616
HG00266	0.0612800674770248	0.22781271141446	0.911110038940534
HG00266	0.123982588179385	0.422396454500147	0.9009040638547
NA18908	0.113148177703189	0.580519078082599	0.619213506480621
NA18908	0.106550868400321	0.585818576118518	0.718827036923096
NA18908	0.078667190666272	0.506558241927404	0.662726217988649
NA18908	0.104211037717082	0.555447741398465	0.651241444783895
NA18908	0.152746228094539	0.567920772907692	0.749484810427815
NA18908	0.117656864044709	0.381676227555908	0.651453715768602
NA18908	0.0463175215095335	0.418437990039822	0.783470919165085
NA18908	0.0621517491371461	0.635053744768337	0.682498179055186
NA18908	0.107418930778903	0.542382271176484	0.83293687795024
NA18908	0.196321447904261	0.506919690032279	0.777998749391945
NA18544	0.116740646313265	0.785944615599271	0.797131437851346
NA18544	0.0973868991805266	0.742379141377929	0.75326319382577
NA18544	0.105615696904827	0.654486442948411	0.700117276138611
NA18544	0.0780567642798962	0.487485825945613	0.67863114746627
NA18544	0.138958416081496	0.644964990907648	0.911406725027404
NA18544	0.161402383350674	0.507805114460369	0.804380734759358
NA18544	0.0825786717881974	0.662475694467815	0.825135189225573
NA18544	0.232802322313027	0.511711047234498	0.838863659749704
NA18544	0.105503498067714	0.501635041497893	0.782733525591568
NA18544	0.0753138125490072	0.681734973747904	0.802354210430927
NA20540	0.0835439122978464	0.727340368814476	0.782879090004945
NA20540	0.0554464243134926	0.61799555035908	0.635097109706283
NA20540	0.0716465263430716	0.49356622134237	0.817232221046082
NA20540	0.0528024675885857	0.635517471077141	0.795432105086533
NA20540	0.0562977536596413	0.337503045879182	0.730570838042475
NA20540	0.108299206731678	0.540707935893456	0.619557872092986
NA20540	0.149993191238514	0.352313963612687	0.761268685319203
NA20540	0.0641553825551301	0.534658304969637	0.812536886831023
NA20540	0.103507964964882	0.50214702458625	0.722218926331564
NA20540	0.113683186223329	0.542399432698094	0.677353598754561
NA19036	0.041551807573825	0.539976070846832	0.79429015731564
NA19036	0.164816596985525	0.519220592990746	0.714767345296501
NA19036	0.129113140431232	0.653579619378118	0.767858317459765
NA19036	0.0612918879371194	0.691061446479883	0.896790227842689
NA19036	0.154367440219359	0.5758992533697	0.803245460254528
NA19036	0.168459799643187	0.544363468809472	0.852929520684089
NA19036	0.103718977498877	0.541488553368109	0.648702262920191
NA19036	0.2442854798626	0.808441660300461	0.817590186512177
NA19036	0.167388585770623	0.455871419973272	0.878569623868132
NA19036	0.0359127574129311	0.519969368544663	0.862650855099813
NA19079	0.050670703354286	0.44672035441723	0.902444529462924
NA19079	0.108034315669617	0.487999103962099	0.687558777153723
NA19079	0.0485595013650815	0.52989749535271	0.806227660980315
NA19079	0.144593805884671	0.537244860215586	0.81742430635706
NA19079	0.0599514367487162	0.446859318229505	0.910517984252643
NA19079	0.0942966132803677	0.758854793736039	0.875021604983279
NA19079	0.0852507285586501	0.679317804475252	0.889535685217934
NA19079	0.0335285186657905	0.510198986112631	0.843226262763839
NA19079	0.063389905392782	0.506535296371179	0.79126887401682
NA19079	0.129090797426143	0.478283541630355	0.96794717116481
HG00282	0.0770817548871002	0.558432713694109	0.925745457262858
HG00282	0.0586637629609764	0.551334142801331	0.902575455532068
HG00282	0.0613545319082454	0.502001094990129	0.895975334117005
HG00282	0.13670989725129	0.403184804816037	0.863378510189327
HG00282	0.152456318280997	0.349165661601022	0.950738634431891
HG00282	0.0836000268491459	0.257123362665414	0.964879443522946
HG00282	0.0881792255699238	0.473047236276473	0.919493051677823
HG00282	0.0688450153621645	0.260099645463998	0.959891683362782
HG00282	0.159136329640948	0.399325993676325	0.902786061997909
HG00282	0.147184746653092	0.344573061500576	0.94032889027511
HG00128	0.0304535547509994	0.292066405514865	0.820155514775058
HG00128	0.0768829685602709	0.448633261595297	0.654912593205783
HG00128	0.0412764026273948	0.329864644133759	0.666900174763286
HG00128	0.183372359694994	0.385784965229303	0.742891386745679
HG00128	0.130334830080976	0.343263639323628	0.703121547794446
HG00128	0.0413004948976982	0.447374132495222	0.851942192293072
HG00128	0.198307277049879	0.282975092108	0.71218401759991
HG00128	0.09756923858468	0.58674239491343	0.721212891005967
HG00128	0.095890477909924	0.373839451586705	0.797011700718293
HG00128	0.0792294612296347	0.511651284766088	0.905883018435279
NA12272	0.0641151517299635	0.57358801999833	0.865213926049448
NA12272	0.169445725108072	0.564470028985095	0.893091191582249
NA12272	0.183244055805412	0.523766139129071	0.802810083449178
NA12272	0.143734073018367	0.493970178638377	0.982423676989793
NA12272	0.0531309070801599	0.344446325031803	0.874637213059292
NA12272	0.0583601980037122	0.477266321490571	0.897288354931829
NA12272	0.311127986388578	0.396744175553414	0.885293023727997
NA12272	0.0439567127863338	0.518904482323881	0.925372643893841
NA12272	0.0502524669695906	0.319627949840291	0.930678294526331
NA12272	0.0814196971931013	0.524395635735922	0.761866171120972
NA18910	0.112615508176343	0.624314490372772	0.696866411665413
NA18910	0.120695369947437	0.562610823835321	0.744384646407952
NA18910	0.039423336252289	0.501061881387364	0.592960989601491
NA18910	0.18935917767458	0.592870014086491	0.693927627622671
NA18910	0.0316579209218043	0.383400014328624	0.706722911523829
NA18910	0.102854297696765	0.758930648751283	0.665221861987626
NA18910	0.0357921372315817	0.417543244577866	0.656144992440749
NA18910	0.0431514165913533	0.588133554628178	0.750055875211465
NA18910	0.0511755173584878	0.551936634859883	0.699481305484228
NA18910	0.0736123615186642	0.714420320439386	0.797780610651295
NA19759	0.117943513972274	0.462252481245984	0.699390409477753
NA19759	0.226044991789308	0.519103777592009	0.682856559337666
NA19759	0.0335794498689227	0.525745886883055	0.8047088499924
NA19759	0.0919074215417569	0.52766429394876	0.653928160733283
NA19759	0.0747423861420698	0.471270413772842	0.79068858428301
NA19759	0.0765833646248151	0.587353553478301	0.728426839997667
NA19759	0.084490570601877	0.292205121551092	0.723051077589201
NA19759	0.0428961984036962	0.563724389192193	0.62858230232686
NA19759	0.161980573923082	0.334818275449715	0.457508699333962
NA19759	0.0986037018489728	0.475054818723368	0.680663628428058
HG00130	0.26035825370301	0.40145804073517	0.945795899422095
HG00130	0.125329798507883	0.564584190835206	0.900498971413589
HG00130	0.0598909207285984	0.504541959224147	0.963895221722666
HG00130	0.106130216811103	0.543732911947056	0.860114104596834
HG00130	0.270602466134579	0.509730883936618	0.942041699837364
HG00130	0.104094259216683	0.693230565414645	0.932220667363225
HG00130	0.0560720681070666	0.499712148871619	0.898562349695897
HG00130	0.226705955284038	0.339974494736943	0.946156380648892
HG00130	0.153994678961861	0.448327961031867	0.948486158206987
HG00130	0.182615042569136	0.354613067585399	0.830746985053468
NA19786	0.079206215584222	0.555517093428482	0.938102746320401
NA19786	0.0399530822607361	0.564086351709413	0.759739885156246
NA19786	0.147389234091959	0.610475934289022	0.809045651591378
NA19786	0.0939589071037355	0.676521417388161	0.759263608612877
NA19786	0.118552286258675	0.4998066350885	0.769314803582323
NA19786	0.100717362506283	0.716828437582421	0.872219144570523
NA19786	0.0644741309784067	0.405320346571213	0.772984317303632
NA19786	0.0484960888710682	0.539029129742564	0.927595873820014
NA19786	0.069027859233237	0.535954068879003	0.824577881218755
NA19786	0.0112895261072363	0.368924769795344	0.70599467730664
NA20769	0.00674671734115932	0.417068696746697	0.884007928807866
NA20769	0.114573706180201	0.491520437183257	0.900941542692581
NA20769	0.203035313053872	0.496800561548473	0.899714829196961
NA20769	0.0889678832767326	0.377799278826524	0.820491073663064
NA20769	0.207077689745749	0.534521303269686	0.875815263478253
NA20769	0.246532550934721	0.492882259442601	0.917903736037799
NA20769	0.0828420281314116	0.618151391475195	0.897298084475426
NA20769	0.107117387984641	0.59064423545704	0.886957896659804
NA20769	0.087887956942272	0.560842903522631	0.799908263494762
NA20769	0.0216123138070888	0.566084648816282	0.794946236464358
NA19452	0.0817061094054888	0.633406694893009	0.931981052106192
NA19452	0.0702989315634826	0.67736967832247	0.880238050202967
NA19452	0.0563436229605788	0.465083528408178	0.913985286156772
NA19452	0.217957420097601	0.636718867244371	0.84910657176869
NA19452	0.0932450268116745	0.458395721083539	0.924873256231333
NA19452	0.152159550426749	0.646118142231662	0.81258530714514
NA19452	0.152807132879646	0.364682080223152	0.94869386515023
NA19452	0.111635197083	0.443081822716838	0.870847724652671
NA19452	0.0826812093868048	0.418001197806973	0.791865425618065
NA19452	0.128987722124278	0.507541443226555	0.888682630335039
NA19764	0.0449907925758969	0.456054433889921	0.623332434904248
NA19764	0.14408101995342	0.594934002789245	0.828052223583494
NA19764	0.221947647966251	0.460535604393338	0.772683382760774
NA19764	0.113880756436267	0.659415158132487	0.881396375922545
NA19764	0.0647795193738495	0.49004865473743	0.669184808674148
NA19764	0.088801379735656	0.527021067928011	0.541688903301624
NA19764	0.0908567895803203	0.459752509649845	0.723413260605409
NA19764	0.106297975643395	0.637936905222395	0.578971432601082
NA19764	0.0354481506725303	0.601816620842596	0.811914595894493
NA19764	0.0951044011380379	0.552536519261732	0.671910812941432
NA20539	0.078779426702038	0.452041872002799	0.756716059952657
NA20539	0.0707199855109262	0.703491680699087	0.823746485504935
NA20539	0.122982701787648	0.418476893062767	0.84729921431785
NA20539	0.0490123422796446	0.606177384590644	0.662824806219477
NA20539	0.101082386269158	0.537377280244168	0.741961743519265
NA20539	0.166456654144384	0.573384808567138	0.731289324148508
NA20539	0.214102707358263	0.5204969281197	0.783010965429369
NA20539	0.0771749660854301	0.444747706188503	0.694108444333161
NA20539	0.121478413505285	0.52404481591941	0.813309382972806
NA20539	0.132466117434412	0.567227859350403	0.808931767079499
NA19440	0.128621081231131	0.66646251797853	0.952037098362827
NA19440	0.0932570240954195	0.608232980169919	0.936732144525377
NA19440	0.177760240743516	0.527718388467119	0.924207298603626
NA19440	0.215139820259547	0.687852459782907	0.918969463279517
NA19440	0.14455736196153	0.430196229999829	0.887700404604636
NA19440	0.0619263830681464	0.566204677757326	0.916127027255784
NA19440	0.0812148604466713	0.620106278507296	0.905218774095796
NA19440	0.105367747707117	0.407978928786213	0.825239740107553
NA19440	0.137585372210717	0.524199925534777	0.835695411498077
NA19440	0.180016549664401	0.498740680889645	0.900212697043171
NA12763	0.0991980355992237	0.23064853790991	0.91825705561231
NA12763	0.10462547984762	0.377544807392122	0.870339249413467
NA12763	0.0616046355261588	0.262669174550533	0.901528741835823
NA12763	0.177294870648837	0.179155241698488	0.887743737931204
NA12763	0.115077823556718	0.193209132307326	0.921935980658534
NA12763	0.171250561297592	0.327132845980341	0.878034732732207
NA12763	0.0412514236589078	0.376917136085953	0.909553245224854
NA12763	0.028940993898727	0.406531407526652	0.92844144357098
NA12763	0.110742014881344	0.461570547608833	0.893931456627163
NA12763	0.0780766541181581	0.164657326117163	0.943530359667675
HG00320	0.0530744020556075	0.31863051955155	0.866477209839741
HG00320	0.293229609126062	0.286942604746829	0.912728855834817
HG00320	0.0975350556087657	0.339332853205882	0.89947515057616
HG00320	0.174831742252747	0.322792967756958	0.804915398989178
HG00320	0.089225164580197	0.429706647031164	0.722474348881547
HG00320	0.0708922527547941	0.456990843230037	0.710361288319499
HG00320	0.0671311232255505	0.262615140885494	0.962958503859429
HG00320	0.0646763258638539	0.437488450597338	0.933958173165285
HG00320	0.0497912106944572	0.50246072605666	0.790035641668526
HG00320	0.0418515124675782	0.397352001640872	0.929247883141115
NA19038	0.0842732300047894	0.102074606455713	0.145216779801924
NA19038	0.116547987078545	0.13286656742192	0.217845914613139
NA19038	0.14187341530134	0.035526250930664	0.0853340025315269
NA19038	0.109869907034335	0.052178123927252	0.0980353982399981
NA19038	0.107106884225661	0.154715284558462	0.436408495001806
NA19038	0.080650321689483	0.124572119382082	0.0989617203467142
NA19038	0.210703577298785	0.0315224471490916	0.137447955022759
NA19038	0.242587483583543	0.227340831827536	0.133855968928277
NA19038	0.144554266531883	0.119863680436671	0.270911661576572
NA19038	0.097188433561057	0.240266544389395	0.112165728960695
HG00445	0.0727316542619636	0.541625509319474	0.843210014096006
HG00445	0.0714912843668733	0.587897252441472	0.754475157730178
HG00445	0.103052744080553	0.457890622488805	0.891505584377911
HG00445	0.220475072706766	0.434548719000296	0.950144487545274
HG00445	0.115796017576934	0.559179207159176	0.878092952302638
HG00445	0.0655107897194781	0.565397290910383	0.865975058628607
HG00445	0.171240807071101	0.379683283915409	0.81821074271727
HG00445	0.218561788775635	0.44858850643383	0.857408481799688
HG00445	0.0690525090539579	0.411832586456092	0.842574649597979
HG00445	0.10105540598877	0.380936792137684	0.859620135874182
HG00180	0.118373481308834	0.544536178939232	0.772331907698111
HG00180	0.0480586410231454	0.565302958533324	0.519727801448362
HG00180	0.0739933432783079	0.673003100926555	0.767633338583152
HG00180	0.117650104454771	0.489019873182336	0.693294506859002
HG00180	0.0496396464476041	0.367948808099357	0.766987331668466
HG00180	0.315285082533053	0.543988502244579	0.60073412915391
HG00180	0.0345825299887094	0.570528285079079	0.908562669145727
HG00180	0.0319776999134906	0.602685341284497	0.785121290229329
HG00180	0.099059773578415	0.588668931694125	0.577607959330464
HG00180	0.0471316120677711	0.682746960090517	0.571121510953821
NA18517	0.153485468597066	0.0462315130279742	0.0542561864791291
NA18517	0.235665383941345	0.0703535258808031	0.130725040544547
NA18517	0.0670186148582752	0.112983256242852	0.110049470050353
NA18517	0.0284432365947383	0.206357549668697	0.052393437829681
NA18517	0.0788941701005249	0.0743922181091639	0.0879475524967896
NA18517	0.0481073114372601	0.0538183708902985	0.0981357402807259
NA18517	0.0413214847702109	0.090346461631389	0.0849224380093669
NA18517	0.0723990191985308	0.079254370119004	0.127863581030397
NA18517	0.128552098094302	0.0571883362996787	0.0495682500591996
NA18517	0.0795782861374335	0.156910383996144	0.0339604254488478
HG00328	0.0859736809813193	0.608294935507826	0.919723936061014
HG00328	0.0790549831875946	0.620930742105536	0.931478363680201
HG00328	0.127732831430013	0.455033993466671	0.848911628572969
HG00328	0.123344365709744	0.53921803768064	0.852873378282461
HG00328	0.0950646048278835	0.578185283382026	0.916979575249405
HG00328	0.185903307517972	0.482719351906734	0.776794690105072
HG00328	0.110109592390781	0.563431157686798	0.906573829393468
HG00328	0.0480817534947485	0.367996821442704	0.859273719005
HG00328	0.106812212447854	0.512393724532259	0.831339468231455
HG00328	0.0405866612544207	0.456219277120209	0.93448726473297
NA19682	0.0805746248924611	0.615750851153111	0.826639382384061
NA19682	0.0701372169958413	0.661416744593096	0.862374231151979
NA19682	0.101097453370012	0.523404872499901	0.679348479633258
NA19682	0.104810378327843	0.69698093068051	0.833545601798548
NA19682	0.062791842940109	0.494522283366053	0.840245312137897
NA19682	0.112464332020097	0.799541233814851	0.8633534574009
NA19682	0.203298020450384	0.72639080094626	0.752475283825132
NA19682	0.106511807501223	0.541861444286148	0.78161217613522
NA19682	0.203432005646998	0.701963880226713	0.746169236887123
NA19682	0.0780062902566608	0.41866716933364	0.895216097994695
HG01197	0.0341198225996202	0.529505459068184	0.833894606638246
HG01197	0.124129367355532	0.60650801215598	0.774550902064684
HG01197	0.0838974212627969	0.474630487119228	0.616461703215562
HG01197	0.0937528048613507	0.760514755209629	0.759324391308575
HG01197	0.0417826813395345	0.611330355057667	0.804017286090407
HG01197	0.079240723863512	0.655978663916996	0.671687168278294
HG01197	0.0990408425062682	0.624703757844292	0.800504816848232
HG01197	0.0890010208129067	0.571326403155352	0.870153213766571
HG01197	0.133332475098748	0.610034006523651	0.821347147252638
HG01197	0.140261664619558	0.678738004529439	0.877902110232996
NA19713	0.229474362089892	0.625712020120081	0.907407234750331
NA19713	0.0963175408839391	0.662586444911572	0.851183316084967
NA19713	0.0377152677057042	0.524979015134466	0.843320090204573
NA19713	0.0618717568287477	0.575604689077298	0.764839906789615
NA19713	0.180735416527941	0.502141928500418	0.834398772165379
NA19713	0.0942537264489129	0.695630719529604	0.784366054447306
NA19713	0.105109546459808	0.600380654523701	0.793233911066611
NA19713	0.131232010539683	0.603619860468028	0.843527634517779
NA19713	0.316996865844196	0.740620314471422	0.805084002781191
NA19713	0.10808346702708	0.620938500423065	0.798235834727403
HG00699	0.0584879381728539	0.563970243720702	0.837277024836169
HG00699	0.0751982862443621	0.668412879397666	0.740188267209666
HG00699	0.0412487732242646	0.574687055420153	0.889507100693878
HG00699	0.0924772495241917	0.575513990111668	0.679987366820547
HG00699	0.0784819421267898	0.799074441541074	0.812891600638165
HG00699	0.0759975555446122	0.692905506863708	0.805161682434584
HG00699	0.0490111530053012	0.649481470436438	0.765636020180833
HG00699	0.11230356750403	0.675419561801375	0.903211510280065
HG00699	0.122242154927439	0.503064696770721	0.827917882494428
HG00699	0.0588417385660138	0.618749318106541	0.964044197109215
HG00258	0.136275915430587	0.480183687534431	0.620379558568578
HG00258	0.0962414452487267	0.512348933325367	0.640642292989811
HG00258	0.0356930809020182	0.574143978708592	0.546684009771257
HG00258	0.171636755484917	0.397038240071668	0.706656010332509
HG00258	0.118857577363897	0.621061038476885	0.622647050856885
HG00258	0.0911054854327014	0.620050496287572	0.726200789470648
HG00258	0.0520060122521275	0.573470196339526	0.7098822901481
HG00258	0.215758633684489	0.47278890828406	0.774955142643053
HG00258	0.153340547584674	0.346321144405468	0.633014225177324
HG00258	0.145723824859194	0.507565140961189	0.66830494243959
NA11829	0.117847194693994	0.22994764811731	0.958490527353601
NA11829	0.079298218985572	0.44015462027697	0.926866593257811
NA11829	0.0752750712060254	0.230058321302464	0.938877133401338
NA11829	0.0691868898962904	0.266833958820013	0.878280915900991
NA11829	0.0613073949464254	0.306306180852269	0.921191657472315
NA11829	0.120706057923849	0.415988280516107	0.898907090227768
NA11829	0.0718166120346825	0.156539838668191	0.879871121587273
NA11829	0.0422007389493183	0.382532045806491	0.838878844227561
NA11829	0.11199449767952	0.38563773942599	0.948678028936252
NA11829	0.100211508244352	0.351224641334351	0.713866995704394
